CALIB_HAND_EYE_PARK
R_cam2base
-0.008609796431095146848622157;0.9999574772215036322364767;0.003303809047489942966879806;
0.9998680649241661333448405;0.008563422432605962558715973;0.0138029178452984263580916;
0.01377403899436997064542609;0.003422213471995817768434023;-0.9998992770798138529642074;
t_cam2base
0.1834261926;-0.1729053462;0.279025924;
******************************************************************************************************
CALIB_HAND_EYE_HORAUD
R_cam2base
-0.008772920334544938650300772;0.9999568709804569355270587;0.003048286039449053276551016;
0.9998768529336934385298719;0.00873246912789046696168338;0.01303928488623517026323562;
0.01301210345093000916860682;0.003162303259492401513730542;-0.9999103384813455841495511;
t_cam2base
0.1834448101;-0.1728471501;0.2790250862;
******************************************************************************************************