CALIB_HAND_EYE_PARK
R_cam2base
-0.006682932375050977188979395;0.9999686529177251870237342;0.004246362770687055893104045;
0.9998730256933224813664651;0.006620741315588470586595005;0.01449476717001585424071664;
0.01446619873191995128691723;0.004342691140507379254920295;-0.9998859285578056699250737;
t_cam2base
0.1832832615;-0.1729951793;0.2789281722;
******************************************************************************************************
CALIB_HAND_EYE_HORAUD
R_cam2base
-0.006713021385730971041239101;0.9999689698261726711336905;0.004122466331896309024718228;
0.999882049348155277357364;0.006655374047150625776980704;0.01384172632389510382289188;
0.01381386025728565010439741;0.004214899889132996645135787;-0.9998957005026658517721216;
t_cam2base
0.1832929902;-0.1729429652;0.2789267436;
******************************************************************************************************


