CALIB_HAND_EYE_PARK
R_cam2base
-0.005873613897600865781101209;0.9999759242991292929048086;0.003694791182697991505090584;
0.9998631675422899878213912;0.005815731812093192371060368;0.01548623439662372147651581;
0.01546437364005640024977595;0.003785245776913623294568367;-0.999873254498953367708225;
t_cam2base
0.1835648151;-0.1731324329;0.2785263833;
******************************************************************************************************
CALIB_HAND_EYE_HORAUD
R_cam2base
-0.005838502285212146189485871;0.9999758537246593581571119;0.003768800698709592889024123;
0.9998677292612135891758385;0.005780575285898545759288858;0.01520226731085447952063205;
0.01518011439654572830582069;0.003857060669091643030637062;-0.9998773360817352351403997;
t_cam2base
0.1835617955;-0.1731132765;0.2785238983;
******************************************************************************************************
