CALIB_HAND_EYE_PARK
R_cam2base
-0.005962930660063970461637339;0.9999773616423924815777013;0.003117637031832411198539745;
0.9998648110697759827658615;0.005914427423082506407592263;0.01534207067701273685678132;
0.01532328431977374172401341;0.003208699265446507409293986;-0.9998774430932425572038369;
t_cam2base
0.1699866318;-0.1830500025;0.2786441786;
******************************************************************************************************
CALIB_HAND_EYE_HORAUD
R_cam2base
-0.005968766723078986792538903;0.9999772954760848264754713;0.003127675836932078227980991;
0.9998703796833041668179476;0.005921299796045400264110636;0.01497204196798982388239008;
0.01495318212860957327037248;0.003216635052474646830344973;-0.9998830209595366280694861;
t_cam2base
0.1685942428;-0.1791335309;0.2786431631;
******************************************************************************************************
